[0,1,0]
-1,0,0,-1|||:b7i8usyvf281d
[1,1,0]
1,0,-1,-1|||:b7i8usyvf281d
[0,0,0]
-1,-1,0,1|||:b7i8usyvf281d
[1,0,0]
1,-1,-1,0|||:b7i8usyvf281d
[2,1,0]
1,1,1,-1|||:bptd7rjktnxk1
[2,2,0]
-1,-1,0,0|||:k3ephy12potl
[3,2,0]
0,-1,-1,0|||:k3ephy12potl
[2,3,0]
-1,0,0,-1|||:k3ephy12potl
[3,3,0]
1,0,-1,-1|||:k3ephy12potl
[2,0,0]
0,-1,1,0|||:bptd7rjktnxk1
[4,3,0]
1,0,1,0|||:djohs0wplrnj3
[5,3,0]
0,0,1,1|||:b7v51tl0qsk68
[5,2,0]
1,1,0,0|||:dsmgpvm6s1cy6
[6,2,0]
0,0,1,1|||:uwi8o7swos3m
[6,1,0]
-1,1,1,0|||:dwopuharlnb8v
[7,1,0]
1,0,-1,0|||:dwopuharlnb8v
[8,1,0]
1,0,0,0|||:tgaqwo2pcy6d
[9,1,0]
1,0,1,0|||:5g0fg48hxqa
[10,1,0]
-1,0,1,0|||:cmk6a5xv5wpy3
[11,1,0]
1,0,-1,0|||:cmk6a5xv5wpy3
[12,-1,0]
0,-1,1,0|||:8cxj0gqdajhn
[12,0,0]
0,-1,0,-1|||:8cxj0gqdajhn
[12,1,0]
0,0,0,-1|||:8cxj0gqdajhn
[10,-1,0]
-1,0,1,0|||
[11,-1,0]
0,0,-1,0|||
[1,-1,0]
-1,0,1,0|||
[2,-1,0]
-1,0,-1,0|||
[3,-1,0]
-1,0,-1,0|||
[4,-1,0]
-1,0,-1,0|||
[5,-1,0]
-1,0,-1,0|||
[6,-1,0]
-1,0,-1,0|||
[7,-1,0]
-1,0,-1,0|||
[8,-1,0]
-1,0,-1,0|||
[9,-1,0]
1,0,-1,0|||
[0,-1,0]
1,1,0,0|||
[3,1,0]
-1,0,1,0|||
[4,1,0]
-1,0,-1,0|||
[5,1,0]
1,0,-1,0|||
