[2,1,0]
-1,0,1,0|||:bjjr3ts2nfbt1
[1,1,0]
1,0,-1,-1|||:k3ephy12potl
[1,0,0]
0,-1,-1,0|||:k3ephy12potl
[5,0,0]
1,1,1,0|||:dsmgpvm6s1cy6
[5,1,0]
0,0,1,1|||:b7v51tl0qsk68
[4,1,0]
1,0,1,0|||:djohs0wplrnj3
[3,1,0]
1,0,-1,0|||:bjjr3ts2nfbt1
[0,0,0]
-1,-1,0,0|||:k3ephy12potl
[0,1,0]
-1,0,0,-1|||:k3ephy12potl
[6,0,0]
0,0,1,1|||:uwi8o7swos3m
[4,0,0]
1,0,0,1|||:1oqljbi8et2h
[4,-1,0]
0,1,0,0|||
[6,-1,0]
-1,1,0,0|||:dwopuharlnb8v
[7,-1,0]
1,0,-1,0|||:dwopuharlnb8v
[8,-1,0]
1,0,1,0|||:tgaqwo2pcy6d
[9,-1,0]
0,0,1,0|||:5g0fg48hxqa
